6 types (quantile)
--------------
type_space = [-0.6226600904206516, 0.0, 0.133576566862604, 0.5585342340982945, 1.013324787303958, 1.592738844284043]
discretization_table = Dict([0.3901030168037898, 0.8191380785134041] => 0.5585342340982945, [0.013411210659969, 0.3901030168037898] => 0.133576566862604, [-0.06459986744758674, 0.013411210659969] => 0.0, [-5.7429821755606145, -0.06459986744758674] => -0.6226600904206516, [0.8191380785134041, 1.3053037995630916] => 1.013324787303958, [1.3053037995630916, 3.1370222155629772] => 1.592738844284043)
Γ = [-0.1360942242194753 0.012588408205899043 0.04846742182206081 0.03825727966157592 0.022634532018424337 0.014146582511515212; 0.4896133508143049 -0.993136171822198 0.15189141451398322 0.15244779332172675 0.1062683522790139 0.09291526089316922; 0.39611238567966994 0.03278632922010782 -0.8390623845309224 0.15567930473221261 0.12423119303129287 0.1302531718676392; 0.25504183723012935 0.024421350267744998 0.15136629364064588 -0.8512914079180922 0.17647881419898745 0.24398311258058447; 0.12951020864791837 0.016840336728212297 0.10665546594534456 0.15898079792228992 -0.8117443263396619 0.3997575170958967; 0.018088435504995542 0.0031572541972355855 0.022298107767976322 0.04334646908288022 0.08202283299901614 -0.16891309955210382]

8 types (quantile)
--------------
type_space = [-0.9515369147366288, -0.07374813752966955, 0.0, 0.18401735874506064, 0.4942458884730887, 0.8592308603857539, 1.2483670286684694, 1.6914877080237338]
discretization_table = Dict([1.0141709439696445, 1.415531691270027] => 1.2483670286684694, [0.3901030168037898, 0.7080866554548955] => 0.4942458884730887, [0.07245057900001671, 0.3901030168037898] => 0.18401735874506064, [-0.25754904577683513, 0.0] => -0.07374813752966955, [0.7080866554548955, 1.0141709439696445] => 0.8592308603857539, [-5.7429821755606145, -0.25754904577683513] => -0.9515369147366288, [1.415531691270027, 3.1370222155629772] => 1.6914877080237338, [0.0, 0.07245057900001671] => 0.0)
Γ = [-0.14234027080813752 0.03830479991561312 0.00982760379696518 0.03588218130519845 0.023631958897818595 0.016181263926165923 0.011381736490438743 0.007130726475937526; 0.4636744584658937 -0.9198065748498481 0.027296095153685456 0.11493092696288613 0.10523363000039261 0.07255014764532187 0.07434594337911697 0.06177537324255129; 0.3848613200512377 0.10602071396315943 -0.967668828600166 0.11582609791350942 0.10479504096936568 0.08824845555315004 0.07476605262141879 0.09315114752832504; 0.3072301153056133 0.08735764433449197 0.03225513021581242 -0.8577176709888119 0.11128019924455285 0.09918452541362319 0.10106607467621224 0.11934398179850596; 0.21405686755773723 0.07896320003240974 0.024418338965845582 0.12843412053464234 -0.867643836500695 0.1002103261455481 0.13128821210207883 0.1902727711624331; 0.1370125364373594 0.06818614546999427 0.017286628429012633 0.1021191568306487 0.12292713549520094 -0.9017857830468257 0.14981744638477615 0.30443673399983356; 0.06849198792748594 0.04178753054059611 0.012363174716152696 0.08060789914931557 0.09643276278599103 0.10236708664974432 -0.7998974041350795 0.39784696236579375; 0.008341724343635448 0.0067944690218320995 0.002623606850014375 0.018163432038561057 0.024957901060393157 0.03592323225404298 0.06969376145166391 -0.16649812702014302]

6 types (manual)
--------------
type_space = [-2.4270176906430416, -1.4399117849363843, -0.2222600419251854, 0.28914500662573894, 1.3526378568771724, 2.1758707012574643]
discretization_table = Dict([2.0, Inf] => 2.1758707012574643, [-1.0, 0.0] => -0.2222600419251854, [-2.0, -1.0] => -1.4399117849363843, [-Inf, -2.0] => -2.4270176906430416, [1.0, 2.0] => 1.3526378568771724, [0.0, 1.0] => 0.28914500662573894)
Γ = [-0.1606691127626295 0.1215595470997929 0.03477552408542462 0.003921275712896545 0.00041276586451542577 0.0; 0.3058229134023781 -0.6272186078772499 0.24701081467115155 0.06808950022122286 0.006295379582497491 0.0; 0.07023631652244905 0.22660740260963794 -0.6328891032999594 0.25470192921861756 0.07317644140013296 0.008167013549121983; 0.009016292866275142 0.07464450151791246 0.2504622124102777 -0.6388563666498224 0.23529056576029553 0.06944279409506143; 0.0004820380224057278 0.009158722425708827 0.0690519467096205 0.2440317488428997 -0.6165266306569258 0.29380217465629105; 0.0 0.0 0.004207689612805423 0.037008542730811333 0.1347416969191555 -0.17595792926277226]

8 types (manual)
--------------
type_space = [-2.4270176906430416, -1.4399117849363843, -0.6588015552361666, -0.13202968692343608, 0.08165101396850624, 0.7981793588605735, 1.3526378568771724, 2.1758707012574643]
discretization_table = Dict([0.5, 1.0] => 0.7981793588605735, [-1.0, -0.5] => -0.6588015552361666, [2.0, Inf] => 2.1758707012574643, [0.0, 0.5] => 0.08165101396850624, [-2.0, -1.0] => -1.4399117849363843, [-Inf, -2.0] => -2.4270176906430416, [-0.5, 0.0] => -0.13202968692343608, [1.0, 2.0] => 1.3526378568771724)
Γ = [-0.16502375081412976 0.12994973731821127 0.022865359830672522 0.008897832332297906 0.002690042333020297 0.0003103894999638804 0.0003103894999638804 0.0; 0.3099577571629828 -0.6374011568269109 0.14516382453614948 0.1034292249820065 0.05179709193676243 0.01963010809068385 0.0069282734437707705 0.000494876674555055; 0.10890059617389898 0.2948535009614057 -0.8203502457062107 0.17439505849546558 0.12842051435601295 0.06703550849383876 0.04237876973748427 0.00436629748810444; 0.04422242364632499 0.18529395609274632 0.1646835052530564 -0.802807075425592 0.17428837554728083 0.12846514018525176 0.09304718097529918 0.012806493725632575; 0.014990735730480613 0.10290515464986172 0.12429818376523509 0.16536655352686427 -0.8027851290666755 0.1703634654370245 0.1881649641169702 0.036696071840239; 0.0026776913807438807 0.039400316030945674 0.06598596616833134 0.11188924698108359 0.1683120296467582 -0.7910665393397636 0.2987538526229958 0.10404743650890508; 0.00037040077098561254 0.0077784161906978636 0.02049550932787056 0.05111530639601453 0.10408261664695713 0.14778990762325941 -0.6373362599425774 0.30570410298679224; 0.0 0.0 0.0014746530543487085 0.003041471924594211 0.009953908116853783 0.022580624894714598 0.12976946878268636 -0.16682012677319766]
