Using 10x data
--------------
type_space = [-0.4568874976254108, 0.0, 0.35395573620012577, 0.8642148598083795, 1.4959713153479637]
discretization_table = Dict([1.1973728522068754, 3.1370222155629772] => 1.4959713153479637, [-0.0002917189005149, 0.09106099779661217] => 0.0, [0.5796933611135875, 1.1973728522068754] => 0.8642148598083795, [-5.7429821755606145, -0.0002917189005149] => -0.4568874976254108, [0.09106099779661217, 0.5796933611135875] => 0.35395573620012577)
Γ = [-0.1413269484969319 0.014424334397623277 0.06274191355468922 0.043509467691191524 0.02065123285342786; 0.45826534761167814 -0.9318887771433151 0.1842969830395073 0.1644801031427861 0.12484634334934366; 0.3675105675562578 0.03143787246229119 -0.7945876303042252 0.20572502506025636 0.18991416522541987; 0.18531601882676527 0.02491133367835205 0.15843000625927553 -0.7575172015484248 0.388859842784032; 0.025285884854612837 0.006042798468735782 0.03807549714766527 0.0996768407609912 -0.16908102123200508]

Using BEAST data
--------------
type_space = [-0.69162, 0.201685, 0.6468, 1.0433400000000002, 1.32691]
discretization_table = Dict([-10.12892, 0.0] => -0.69162, [0.8250500000000001, 1.18385] => 1.0433400000000002, [1.18385, 2.6349899999999997] => 1.32691, [0.37959200000000004, 0.8250500000000001] => 0.6468, [0.0, 0.37959200000000004] => 0.201685)
Γ = [-0.1394530540828836 0.05269982270440984 0.04337661568923688 0.020266123723659858 0.02311049196557703; 0.43093354087037133 -0.8394463772333777 0.15846497931476616 0.09196288967427677 0.15808496737396338; 0.2743437004993788 0.13133240602219257 -0.8113522130431428 0.12516242721578086 0.2805136793057905; 0.15138435564640376 0.11374137633540177 0.1508427300448066 -0.8527895097147147 0.4368210476881025; 0.02736057371442893 0.024641510488150276 0.04967955103013286 0.06072574538688988 -0.16240738061960194]

Using 10x and BEAST data combined
--------------
type_space = [-0.1484671284003217, 0.0, 0.23071986037615672, 0.6431934230631561, 1.1063147084749523]
discretization_table = Dict([0.0, 0.0809340683631027] => 0.0, [0.0809340683631027, 0.4460729391773377] => 0.23071986037615672, [-0.5796799670509847, 0.0] => -0.1484671284003217, [0.4460729391773377, 0.8659005440079762] => 0.6431934230631561, [0.8659005440079762, 1.326635574178268] => 1.1063147084749523)
Γ = [-0.13927746947024486 0.0121798582046665 0.04891715778952098 0.03780501442747135 0.04037543904858603; 0.46277119229509833 -0.930324176473843 0.14292244630009351 0.12379527876550851 0.20083525911314257; 0.38207529133257384 0.03104954290605904 -0.8475814155119628 0.15572175335328847 0.27873482792004145; 0.2565321323436907 0.025951773460015263 0.14078262947778192 -0.8545712304842195 0.4313046952027315; 0.04489085243486127 0.006419874595523171 0.041753319737801074 0.06810859439310672 -0.16117264116129223]
