5 types
--------------
type_space = [-0.47337548031309196, 0.0, 0.3890161743465148, 0.8772905477925974, 1.5050315480924654]
discretization_table = Dict([-0.0019916536956188, 0.1112097799378943] => 0.0, [1.2169193081838328, 3.1370222155629772] => 1.5050315480924654, [0.1112097799378943, 0.6232833274714342] => 0.3890161743465148, [-5.7429821755606145, -0.0019916536956188] => -0.47337548031309196, [0.6232833274714342, 1.2169193081838328] => 0.8772905477925974)
Γ = [-0.13920078945911146 0.0189548320216946 0.06020245390538222 0.039379954996853976 0.020663548535180695; 0.5163595766457914 -0.967454374087282 0.1905155687066721 0.1607625075988291 0.09981672113598941; 0.36330813246625304 0.040048301304979946 -0.7864193336973415 0.19467425387712223 0.18838864604898636; 0.17596705572231539 0.03200893271068237 0.17219164314618363 -0.774452023225638 0.3942843916464567; 0.022957787990039946 0.006690906125439449 0.04382850434462171 0.09017377154376652 -0.16365097000386764]

7 types
--------------
type_space = [-0.7659997821530665, -0.0489179662856651, 0.0, 0.3897703970482968, 0.760290064851131, 1.1507619185243034, 1.6496044812555084]
discretization_table = Dict([0.5212510699994402, 0.9101370395508295] => 0.760290064851131, [0.16186154252713816, 0.5212510699994402] => 0.3897703970482968, [0.9101370395508295, 1.3508783131199409] => 1.1507619185243034, [1.3508783131199409, 3.1370222155629772] => 1.6496044812555084, [-5.7429821755606145, -0.16392105673653481] => -0.7659997821530665, [0.0, 0.16186154252713816] => 0.0, [-0.16392105673653481, 0.0] => -0.0489179662856651)
Γ = [-0.13482607919002004 0.024285707008675536 0.021691261951706696 0.03500374232598943 0.027773321675420532 0.01586439354507176 0.010207652683156092; 0.4636159541877814 -0.923200465295669 0.06853453235819378 0.1194315012418524 0.11086468469707816 0.0826445831378219 0.07810920967294144; 0.4444165461633169 0.05869652496496638 -0.9870599300231081 0.13975363086896755 0.12577826778207082 0.1050148711958242 0.11340008904796225; 0.3158717597159614 0.06177851928978295 0.06488036963069256 -0.8692935580399166 0.15224915423297974 0.12717586397729377 0.1473378911932062; 0.19598018748998372 0.04347020267745612 0.058284070628991436 0.1374532665667048 -0.8558044370690243 0.16173829599545125 0.25887841371043696; 0.09556619976007796 0.032403281491132085 0.035220958142534876 0.10566287442760464 0.15168492640051687 -0.8288665482876542 0.4083283080657877; 0.011903034196159127 0.0057509041621892415 0.007021452756161283 0.02554471383670105 0.04119252283614619 0.07543046389476121 -0.1668430916821181]
