5 types
--------------
type_space = [-0.47337548031309196, 0.0, 0.3890161743465148, 0.8772905477925974, 1.5050315480924654]
discretization_table = Dict([-0.0019916536956188, 0.1112097799378943] => 0.0, [1.2169193081838328, 3.1370222155629772] => 1.5050315480924654, [0.1112097799378943, 0.6232833274714342] => 0.3890161743465148, [-5.7429821755606145, -0.0019916536956188] => -0.47337548031309196, [0.6232833274714342, 1.2169193081838328] => 0.8772905477925974)
Γ = [-0.13759621132325778 0.017438962978034704 0.062173694095601986 0.037631446426285416 0.020352107823335696; 0.4787917983478633 -0.9499610407021287 0.1915167193391453 0.16340854411275332 0.1162439789023668; 0.35831976008380606 0.04273374384233016 -0.7981733577914721 0.2049074077125957 0.19221244615274027; 0.17156133761426878 0.02961860828623697 0.1757694458953735 -0.7683034619386169 0.39135407014273765; 0.025444324868837295 0.00645327080006743 0.04523435532237741 0.09286563979906559 -0.16999759079034774]
7 types
--------------
type_space = [-0.7659997821530665, -0.0489179662856651, 0.0, 0.3897703970482968, 0.760290064851131, 1.1507619185243034, 1.6496044812555084]
discretization_table = Dict([0.5212510699994402, 0.9101370395508295] => 0.760290064851131, [0.16186154252713816, 0.5212510699994402] => 0.3897703970482968, [0.9101370395508295, 1.3508783131199409] => 1.1507619185243034, [1.3508783131199409, 3.1370222155629772] => 1.6496044812555084, [-5.7429821755606145, -0.16392105673653481] => -0.7659997821530665, [0.0, 0.16186154252713816] => 0.0, [-0.16392105673653481, 0.0] => -0.0489179662856651)
Γ = [-0.1406397792215961 0.025539064386011234 0.02239041261239341 0.03843979040291759 0.026195033505514945 0.016180571614424925 0.011894906700334; 0.4693851282614865 -0.9211499597373489 0.05971322799572612 0.1140424764180671 0.11208466566410887 0.08956984199358918 0.0763546194043711; 0.4013230896295922 0.067449258761276 -0.9176846372575828 0.13752154425215718 0.12290753818721405 0.09068178122349328 0.0978014252038502; 0.3115530411094381 0.0583519309668667 0.06015132971914894 -0.8639684580600837 0.14061015964262594 0.13598313427961448 0.15731886234238954; 0.19057925785983695 0.04564922014181959 0.05737333679026505 0.12996308029446996 -0.8583550082404436 0.1603958937223497 0.27439421943170245; 0.10054565371020249 0.03460641104444179 0.03600937365435159 0.10335157893002209 0.1367888544662057 -0.8373348510145002 0.4260329792092766; 0.01243071221073892 0.005567923177726808 0.007510221960654764 0.02421399149383519 0.0427953165171793 0.07549067936313324 -0.1680088447232682]
